matches1 = [1, 2, 3; 4, 5, 6];

matches2 = [7, 8, 9; 10, 11, 12];

matches3 = [6, 7, 8; 9, 10, 13];

matches4 = [1, 2, 3; 4, 5, 6];

matches5 = [1, 3, 6; 10, 6, 9];

matches6 = [10, 11, 12; 13, 14, 10];